376	4.85717771784 45.76118659782
377	4.85772460742 45.76161053675
378	4.85746071414 45.76360058791
497	4.85911892259 45.76281053051
498	4.85896292396 45.76252528517
496	4.85781886701 45.76302432668
686	4.78980347439 45.77321400248
687	4.79128988555 45.77657115874
688	4.79496655861 45.77860887153
689	4.79860183235 45.78080206261
690	4.80074382156 45.78278660924
691	4.80371843685 45.78522410568
692	4.80611253181 45.78752992191
693	4.81049696545 45.78980527860
694	4.84911187921 45.78917398609
695	4.85476897313 45.78813257811
696	4.85982510229 45.78797269981
697	4.85784115686 45.78775118818
698	4.81460284169 45.79177930913
699	4.82012347703 45.79370336356
700	4.81200881669 45.79018549580
702	4.81314308156 45.79105148149
703	4.78729386860 45.77321414751
704	4.78976935170 45.77218455411
705	4.78969636948 45.77170456640
706	4.78972393889 45.77149668794
707	4.78848132250 45.77119074323
708	4.86014274148 45.78821306471
709	4.86365991399 45.78827733115
710	4.88960271995 45.78590036360
711	4.88879068326 45.78612610356
712	4.88093421596 45.79256515470
713	4.88017422701 45.79324959420
714	4.87324643074 45.79288959370
715	4.87533267139 45.79318174626
719	4.88363856184 45.79140144342
717	4.87186895193 45.79179043170
718	4.87290125406 45.79298092025
720	4.89086723370 45.78484859644
721	4.86734903428 45.79021965879
722	4.86732536665 45.79034600550
723	4.87132026864 45.79184819005
724	4.86930345234 45.79069329818
725	4.80087226369 45.78321897059
727	4.85351387690 45.75729849129
728	4.81252552175 45.77474991947
729	4.81865938907 45.77403907894
730	4.82766481429 45.77331785897
731	4.83537885297 45.77272056234
732	4.81913593651 45.77414919937
733	4.82818729136 45.77343310972
734	4.81734465975 45.77458993685
509	4.78201233048 45.76466187534
529	4.78119728848 45.76349578378
241	4.77988133452 45.76634378575
242	4.78438454293 45.76860307278
449	4.78782193925 45.76968717790
450	4.78984624846 45.77100109016
451	4.78824210635 45.77002243332
405	4.77461928508 45.76380897334
385	4.77402732054 45.75969283266
386	4.77406705891 45.75889380794
367	4.77374937318 45.75824072649
371	4.77550901551 45.75822107281
384	4.77426408325 45.75758813414
585	4.77672120561 45.75970958979
584	4.77523746201 45.75880857869
365	4.78146242647 45.75666436470
366	4.78326938054 45.75694776776
287	4.78232629368 45.75601444035
354	4.77222221218 45.74866913054
353	4.77195664737 45.75275334798
383	4.78706658779 45.76430830526
600	4.79171451402 45.76419438703
407	4.80068452377 45.76317289211
601	4.79406739452 45.76369638926
356	4.80552469817 45.75588713850
355	4.80132760791 45.75641351372
602	4.79783799721 45.75655401317
603	4.79897339219 45.75634658632
348	4.79503149071 45.74923297507
349	4.79639407025 45.74926705780
350	4.79568702510 45.75200292102
359	4.80795803038 45.75502614248
357	4.80350912551 45.75647284392
358	4.80775222960 45.75523279406
360	4.80963504935 45.75562857315
379	4.80782875349 45.75572300621
414	4.81364202670 45.75245272000
410	4.81104499388 45.75864479224
411	4.81112132835 45.75929381696
413	4.81534591308 45.75097035145
198	4.82238664844 45.75125292839
448	4.81943914286 45.75259379883
173	4.82027510684 45.75078198925
197	4.82286493012 45.75287271863
195	4.82012760011 45.75175667553
190	4.82845710671 45.76058715973
445	4.82858838692 45.75932200983
193	4.83063923010 45.76312505359
194	4.82940408020 45.76379804061
179	4.82899991764 45.76404832345
440	4.82943740140 45.76632177531
312	4.82410930215 45.76739693374
313	4.82409864395 45.76742191950
188	4.82561267059 45.76157630945
187	4.82536943511 45.76180135525
444	4.81142002721 45.77975618142
443	4.80947199124 45.77842033341
452	4.81935513728 45.77975634654
453	4.82287652703 45.77943919462
457	4.82730042796 45.78014347187
542	4.83869646475 45.77480301869
543	4.83943180715 45.77583850141
544	4.83984277009 45.77580149748
200	4.84288807746 45.77833643756
533	4.83930241923 45.78177207669
482	4.82900664124 45.77662002286
473	4.81862061920 45.77288598220
535	4.81913368275 45.77308707531
536	4.82255474042 45.77323310646
537	4.82004743720 45.77276265536
471	4.82641845402 45.77407458763
534	4.83179921751 45.77421193240
146	4.82910706122 45.76735622386
181	4.83195933023 45.76858088992
182	4.83130643103 45.76926054841
441	4.82939119158 45.76670023503
651	4.82988709335 45.76671809866
652	4.82982459566 45.76660708135
147	4.83122562955 45.76546428445
148	4.83191684860 45.76420112335
177	4.83493445665 45.76786814246
192	4.83811079798 45.76983206481
124	4.83959778756 45.76844284132
191	4.83775712251 45.76983169360
125	4.83897402826 45.76875683645
79	4.83843105055 45.77191629225
80	4.83934521827 45.77234863675
118	4.87584907199 45.74409661994
112	4.87071072320 45.74484594375
119	4.86894144192 45.74650391218
226	4.86291119464 45.74849502322
116	4.85808686523 45.75022668790
117	4.85971583682 45.75160289501
629	4.85924931318 45.74929925724
630	4.85969166759 45.74930890840
50	4.85385492869 45.75058464124
202	4.85218969848 45.75243902968
203	4.85158597324 45.75228343336
201	4.84982205561 45.75297984372
47	4.84705884596 45.75463494869
380	4.84429270252 45.75500099291
381	4.84410489564 45.75472675235
49	4.84427175713 45.75483233682
204	4.85267666873 45.75294064521
227	4.85147484624 45.75278504640
280	4.85563367654 45.75336829416
281	4.85399384015 45.75313798816
37	4.83981513493 45.76340758894
36	4.84247493347 45.76351119131
230	4.84447662504 45.76349640252
41	4.84778860242 45.76355540323
42	4.85162045632 45.76296431936
114	4.85326136007 45.75548193781
132	4.85801250244 45.75702635284
133	4.85862550044 45.75818614531
625	4.85988747704 45.75724100559
626	4.86038474154 45.75696892095
120	4.86095101705 45.75887534659
121	4.85984852429 45.75905791320
30	4.84101499347 45.76066762837
48	4.84273282898 45.76140994624
115	4.84800066859 45.76177794709
307	4.84991871996 45.76202996147
215	4.83920349204 45.76022952745
216	4.83915544107 45.75991813203
524	4.84072544231 45.76055343175
525	4.84068415281 45.76035841645
72	4.84610974284 45.75911630462
35	4.84521029436 45.76310670094
653	4.84518782408 45.76284011046
654	4.84501803930 45.76292949738
183	4.83756365978 45.75864083270
184	4.83557692875 45.75583472499
176	4.83532592383 45.75776873251
446	4.82879580417 45.75957521512
150	4.83011985180 45.75963037616
175	4.82847330017 45.75752917849
174	4.82589416661 45.75519599044
172	4.82259416825 45.75137929943
180	4.83522885037 45.76341693891
153	4.83843643689 45.76241223323
154	4.83808898335 45.76432983691
615	4.83076580778 45.76344708227
149	4.83267046813 45.76327481721
552	4.84064070296 45.76859696169
553	4.84077538131 45.76857745819
74	4.84158276991 45.74938656971
185	4.83492582744 45.75252656127
186	4.83453189980 45.75303238559
160	4.83254579781 45.75143380038
196	4.83161096361 45.75073168496
161	4.83309870732 45.75186700004
228	4.85406555983 45.74881339124
323	4.85089010674 45.74708091824
156	4.82915282259 45.74882178920
155	4.83070604697 45.74916162637
157	4.83017987189 45.74827717128
158	4.83052095217 45.74855524631
159	4.83091342207 45.74886208426
108	4.86621479881 45.73948276631
70	4.85901148083 45.74195798834
69	4.85934048685 45.74216303053
127	4.85749233672 45.74763510850
664	4.85904667743 45.74706393874
128	4.84946628310 45.74586706031
104	4.87400308991 45.73421668014
43	4.87265096016 45.73526612323
162	4.87211726919 45.73566902750
163	4.87580493582 45.73448942383
44	4.87818255296 45.73367659537
45	4.87819501376 45.73349996871
164	4.87999472794 45.73283425131
46	4.88046535192 45.73298033404
660	4.88311264373 45.73211075309
661	4.88316113657 45.73185390110
123	4.86931174144 45.74421236397
551	4.86132681970 45.76629397048
550	4.86137716303 45.76623508827
685	4.86043837300 45.76626341371
109	4.86537169175 45.75501384687
373	4.81778927088 45.73289456175
374	4.81745134434 45.73438184883
375	4.81899038394 45.73490777272
332	4.81747288723 45.73299746124
333	4.81845698705 45.73490100855
334	4.81783893471 45.73455168248
102	4.85337225875 45.76959724461
261	4.85108913762 45.76935964660
103	4.84815209265 45.76906444424
100	4.84432617964 45.76759793245
278	4.84467712840 45.76799124827
265	4.84817787424 45.76830590072
129	4.85084823323 45.76618467144
258	4.84932924915 45.76999510539
259	4.85037837436 45.76947765492
263	4.84320283737 45.76942975816
264	4.84719515969 45.76950350003
64	4.85852379950 45.78621166931
291	4.85985972965 45.78583619407
65	4.85303017306 45.78537582505
66	4.85288308132 45.78560805848
67	4.84746309955 45.78218495368
68	4.84687652682 45.78205678513
342	4.86798908774 45.75359463148
52	4.85929829676 45.77819277972
53	4.85955649831 45.78057639299
54	4.86100976225 45.77961354439
51	4.85960738468 45.77818377348
738	4.85915803221 45.77664492626
739	4.85915280243 45.77646663701
740	4.85914054218 45.77629572445
55	4.85939691838 45.77292086289
56	4.85831199472 45.77272145080
57	4.85870479532 45.77379956864
614	4.85732941276 45.77288995035
494	4.87577522350 45.75044463555
110	4.88277094351 45.74723054616
111	4.89079733020 45.74472371800
113	4.85930379786 45.75466465471
627	4.86084126335 45.75368959255
628	4.86043575223 45.75393796050
442	4.81057217206 45.77689668783
604	4.81265308234 45.77444083029
608	4.80995523633 45.77497568333
605	4.80910243196 45.77449431548
210	4.80559515876 45.77374134269
268	4.80521571900 45.77467779319
269	4.80559280377 45.77470662731
209	4.80464823572 45.77585762095
217	4.80277960439 45.77796216711
220	4.80135637150 45.78010949831
221	4.80054393628 45.78112143209
219	4.80135113531 45.77956512335
592	4.80079958304 45.78370215017
746	4.80126834589 45.78344024376
208	4.80760093274 45.77777884226
207	4.80803119932 45.77803955709
205	4.80860077325 45.78520337676
486	4.80783021142 45.78616185063
487	4.80868757858 45.78719999849
508	4.80690721959 45.78497458031
19	4.84841533753 45.76037236265
14	4.84754169633 45.76069612345
20	4.84399584701 45.76022159487
15	4.84165946699 45.75996953528
16	4.84274310060 45.75888626258
21	4.83628195201 45.75118360144
314	4.83248407061 45.74802692916
315	4.83191539232 45.74851188020
23	4.83436371911 45.74747774724
1	4.84021038870 45.74557684588
24	4.84291037654 45.74470603079
671	4.84124794802 45.74452245579
324	4.84774565627 45.74395754964
2	4.84863421171 45.74286929685
3	4.85412497828 45.74112927283
25	4.85695885590 45.74020045161
26	4.86042192957 45.73915222170
27	4.86745461442 45.73691484325
4	4.87284007855 45.73889082710
6	4.87276110778 45.73899883084
5	4.87409795969 45.74071452375
8	4.88974397122 45.73976669867
9	4.89032542801 45.73969674972
22	4.83405783058 45.74852713652
624	4.86050100287 45.76354981386
239	4.86151383752 45.76093034867
284	4.86263628630 45.77000590323
285	4.86391662766 45.77115581536
286	4.86445433503 45.77073533477
298	4.86230305040 45.77041868197
578	4.86251993633 45.77279909227
7	4.88354092128 45.74190725444
642	4.90068692430 45.73632132774
641	4.90059317151 45.73636368896
28	4.90427841598 45.73511204221
29	4.90664885593 45.73409045474
10	4.91633830608 45.73109195589
11	4.91700893094 45.73025667704
12	4.91548667932 45.72671316713
13	4.91497190569 45.72355075278
526	4.84842741437 45.75966878251
527	4.84842992093 45.75969141381
579	4.86263149056 45.77250061305
577	4.86134463537 45.77258936724
130	4.83880541715 45.75649808462
131	4.83832743970 45.75696970269
459	4.83286197921 45.74606432841
460	4.83279426958 45.74609780274
666	4.83122461081 45.74536133494
667	4.83237275434 45.74586483536
34	4.82862878991 45.74261713069
33	4.82892652535 45.74249192728
247	4.82363710546 45.73756034196
249	4.82307562884 45.73686742012
250	4.82406575542 45.73814895727
32	4.82362709870 45.73577446759
31	4.82375784114 45.73518067339
321	4.82273214401 45.73262119512
322	4.82051166102 45.73350566581
244	4.83345733118 45.72633280178
273	4.83104133266 45.72737755581
243	4.83329702964 45.72656427196
246	4.83654413067 45.72611969522
270	4.83265448403 45.73119541004
271	4.83409974302 45.73134062484
272	4.83381505940 45.73204407660
340	4.83958167785 45.74234349168
341	4.84027981403 45.74289407095
59	4.86710598802 45.72901198806
61	4.86825007912 45.72891502415
60	4.86669438183 45.73018039394
465	4.86342451920 45.73449250564
466	4.86366257561 45.73467380101
391	4.86357913333 45.73539033541
392	4.86305865012 45.73412536905
62	4.87015030171 45.72573094643
388	4.86181636299 45.73773382469
389	4.86120539079 45.73674313535
390	4.86209359124 45.73681080636
58	4.86241024231 45.73591268120
18	4.86177286748 45.76455143565
17	4.86184406330 45.76571721190
101	4.85910975391 45.77009755865
255	4.85673563911 45.77041590036
256	4.85771567056 45.76948536774
257	4.85925304893 45.76772761652
622	4.85993035739 45.76861577377
260	4.85002739455 45.77140672772
254	4.85531955415 45.77241220646
253	4.85281587552 45.77283236909
231	4.85075149478 45.77296626540
232	4.85055380494 45.77331615988
233	4.84769691349 45.77310267764
234	4.84587120139 45.77291249101
235	4.84595423254 45.77256826155
236	4.84239781761 45.77258993134
73	4.83981870754 45.77261754972
199	4.84280476253 45.77880442040
301	4.82516702555 45.73175770544
289	4.83900909890 45.73017216794
107	4.86920800120 45.75498407999
105	4.87352541443 45.75551565695
106	4.87427382820 45.75532445852
742	4.87138134158 45.75336133155
743	4.87227628214 45.75404855997
491	4.87737580399 45.75448188045
505	4.89992561394 45.75267085449
506	4.90115793684 45.75208685751
616	4.81911156153 45.74814095869
617	4.82229883591 45.75009164007
310	4.82519409602 45.74799079720
311	4.82516196372 45.74793169797
618	4.82778975158 45.74591405696
619	4.82792073891 45.74552134233
593	4.82434954148 45.79466996541
594	4.82160257170 45.79342006085
485	4.80970161548 45.78805010007
507	4.80805187508 45.78833906510
591	4.80809009447 45.78892705897
488	4.80816946666 45.77622979388
489	4.80612474988 45.77588703448
166	4.80667047796 45.77504385883
408	4.80431637938 45.76136581458
409	4.80507797678 45.76047665155
416	4.80378381588 45.76151467269
222	4.80538552484 45.76627983927
223	4.80555187778 45.76775393497
224	4.80540219989 45.76862139744
214	4.80578184734 45.76975874712
211	4.80523027772 45.77270369617
167	4.80292068510 45.77548823938
168	4.80240954453 45.77582223946
169	4.80117645624 45.77573277973
170	4.80094281952 45.77601118313
225	4.79137046243 45.77292813814
77	4.79321563757 45.77388910599
597	4.79304794240 45.77422586083
316	4.87161224940 45.73410468419
317	4.87304227377 45.73215733497
318	4.87470213647 45.73094933147
319	4.88414745959 45.72306583944
320	4.88368146487 45.72403651789
681	4.88587612382 45.72281413552
680	4.88724679101 45.72544981199
338	4.86126279853 45.72810617820
339	4.86054333619 45.72982082728
325	4.85461490129 45.73010870761
336	4.85376639330 45.73132501973
337	4.85392996136 45.72888039540
583	4.85714834972 45.73044576307
326	4.85271504324 45.72926445547
335	4.85251060584 45.73800058370
345	4.73333280243 45.74677051568
590	4.79777924247 45.79166657215
426	4.90826616042 45.70730755303
439	4.90864388852 45.70742161240
427	4.91157896022 45.70509270858
293	4.85686488329 45.70495772925
294	4.85648832592 45.70029879306
295	4.85560483597 45.70138288017
296	4.85724757285 45.70080972679
328	5.00466972510 45.76663126774
327	4.99843094169 45.76676074674
745	4.81490433939 45.72998012310
382	4.77240845605 45.74029781690
522	4.77603961347 45.73516599179
523	4.77648391558 45.73515633205
282	4.77611870154 45.73392681529
262	4.98557677226 45.77471392737
490	4.93728495212 45.76295461009
504	4.93488938750 45.75394509761
503	4.93490346590 45.75255872920
481	4.85748505891 45.81033956306
540	4.86344252506 45.80417390162
541	4.86530227507 45.80533657140
538	4.85895262269 45.80266293774
539	4.85712226191 45.80220076382
747	4.86394355049 45.80166491937
479	4.84459663152 45.79282445612
609	4.83407307861 45.78307132451
610	4.83433212348 45.78280362780
547	4.83311277611 45.78360623436
548	4.83934846339 45.78109970972
649	4.83092624304 45.78368884769
650	4.83100937794 45.78373443853
532	4.83071760354 45.78341092076
606	4.83261947823 45.78530534408
476	4.83637620930 45.79071008070
545	4.83023203379 45.79539134210
477	4.83403854536 45.79289160198
611	4.84407018816 45.78309091227
546	4.84239643758 45.78113177463
613	4.84621250517 45.78462396549
530	4.86592971444 45.79198826604
531	4.86940131766 45.79252982574
329	4.91333873767 45.77336979037
330	4.90693950965 45.77068146417
331	4.90510178571 45.76856506172
582	4.92921888127 45.74509478930
580	4.93080885009 45.74492089337
581	4.93141816762 45.74441076404
516	4.86811862777 45.78506665280
517	4.86618746176 45.78454916102
518	4.86554510553 45.78481215976
519	4.87831965672 45.78683999880
520	4.87948425771 45.78738392553
467	4.86244687691 45.77945541763
468	4.86244459465 45.77946990649
568	4.87718934018 45.77733878706
668	4.87562631342 45.77658728685
560	4.88351150628 45.77990676709
561	4.88266994089 45.78060751443
633	4.88263959497 45.77988838122
266	4.87267757006 45.77058496812
267	4.87428157578 45.77063226024
639	4.88210449937 45.76890107603
303	4.88453544412 45.76822305616
277	4.88584334154 45.76852749780
569	4.87751463949 45.76425093539
562	4.88380663542 45.76460852207
563	4.88851192947 45.76452435941
283	4.89588198225 45.76537445837
276	4.89706012120 45.76779788553
297	4.89709228876 45.76617806356
554	4.88391306494 45.76076569282
528	4.88407805275 45.76098779514
512	4.88925601654 45.75969763506
511	4.88985509509 45.75914569247
513	4.89095981153 45.75894937224
514	4.89168731649 45.75967223230
515	4.89144293362 45.76002532981
510	4.87730665937 45.75620667593
521	4.87913188562 45.75645925945
638	4.88442950269 45.75810982197
559	4.89972005063 45.76008519471
279	4.90109537285 45.76582063872
86	4.90389424822 45.76504613896
85	4.90200150398 45.76638776399
643	4.92017589503 45.76051975722
644	4.92032104901 45.76053601133
565	4.91497672712 45.74914779813
566	4.91650321916 45.74846508660
567	4.91853713313 45.74861426507
636	4.91059930917 45.75054456359
564	4.91049250591 45.75027681962
634	4.90730612001 45.75163066891
635	4.90785277238 45.75037237665
90	4.90445289023 45.75188778567
91	4.90608570449 45.75123785163
240	4.85454920927 45.72017414882
94	4.85438766177 45.71841228686
676	4.86312186442 45.72619880650
393	4.87060180123 45.72447190673
394	4.87232848465 45.72433492726
395	4.87209884219 45.72392039810
662	4.86842575650 45.71928847614
663	4.86852476404 45.71936049155
677	4.86744721141 45.72042017813
397	4.87983944333 45.71401636532
398	4.87877241028 45.71389411374
399	4.87997205707 45.71484764162
400	4.88614386923 45.70843957969
401	4.88724991274 45.70724499197
417	4.88699701695 45.70868109171
402	4.88754052690 45.70757663433
403	4.88770122340 45.70589822309
404	4.88832354952 45.70665441357
428	4.89053041651 45.71786756299
429	4.88923140388 45.71884072754
430	4.88958522559 45.71913689702
422	4.90149316343 45.71054919611
423	4.90222183193 45.71171848200
424	4.90101310103 45.71149346230
425	4.90253836637 45.71077176341
438	4.90280718385 45.71094917841
418	4.88737006042 45.69763714372
420	4.88290584767 45.69609579551
421	4.88113985408 45.69590384671
461	4.84117780226 45.74391971375
462	4.84097667987 45.74386954587
672	4.84134741625 45.74395717828
631	4.86025970145 45.74961788823
632	4.86000674852 45.74936988788
678	4.88087912360 45.72189321847
679	4.87896850827 45.72209431234
665	4.85921806315 45.74733233665
576	4.86034203543 45.77293159390
251	4.84558528549 45.77633643298
252	4.84680003403 45.77518213201
126	4.84160917747 45.76530425137
151	4.83046539630 45.75893280171
152	4.83058778803 45.75799268648
499	4.93583737322 45.73974097404
500	4.93523301140 45.73767178377
501	4.93682520753 45.73857852734
502	4.93734751302 45.73803737820
656	4.83089133160 45.75883877744
657	4.83103909653 45.75875093267
598	4.79443939970 45.77644245756
599	4.79506481124 45.77668554293
171	4.79908052226 45.77598913072
495	4.80693995853 45.78215962423
463	4.85155539820 45.73930279977
464	4.85151215482 45.73932336246
673	4.85136764378 45.73906157088
674	4.85218451903 45.73905048209
741	4.85177479262 45.73907616543
620	4.82359715551 45.74045693150
684	4.83341215251 45.75160015614
683	4.83337072070 45.75097924052
218	4.80290649086 45.77918138947
607	4.83288377717 45.78508806513
274	4.89949264096 45.76579844801
275	4.89862991789 45.76616258093
637	4.88164587118 45.75714170463
655	4.87832053314 45.76960658445
647	4.88246787078 45.76872886701
648	4.88247279921 45.76867616096
478	4.84487616316 45.79261815213
292	4.86012206319 45.78609223872
454	4.82710976145 45.77941551949
456	4.82783312884 45.77908391543
455	4.82820813747 45.77968402811
474	4.83340720645 45.79658408824
475	4.83664841238 45.79741021672
480	4.85575611794 45.80720412820
483	4.77425526582 45.73753737372
347	4.79294857762 45.75642495852
412	4.81432722512 45.75733182665
237	4.84982416299 45.77360267979
238	4.84944563751 45.77357505736
658	4.83507245097 45.74443322414
659	4.83534466134 45.74442716420
669	4.83540740795 45.74499810495
670	4.83594211663 45.74496660555
299	4.86172760070 45.68813387362
744	4.88354933148 45.75418213283
469	4.86385055948 45.75403438263
470	4.86383413477 45.75402959613
178	4.82644922109 45.76189497472
387	4.78433935337 45.76401099486
484	4.78319946674 45.76422146085
595	4.81960386811 45.78875871454
596	4.81860631121 45.78837548574
612	4.84757160879 45.78511024404
290	4.83743746291 45.72698562029
346	4.79148391848 45.75585682626
308	4.84210025934 45.72448602913
309	4.84195852737 45.72198637829
675	4.84202444932 45.72333789099
492	4.87546803363 45.75473748372
304	4.85931383791 45.77117372572
305	4.85891187278 45.77111675572
306	4.85840778255 45.77079292131
646	4.86140903115 45.75245066692
645	4.86143637712 45.75243664555
396	4.87879756362 45.71475773257
419	4.88696962219 45.69664901997
63	4.86818596817 45.72966618914
212	4.80562815560 45.77178437112
213	4.80530177132 45.77065203681
415	4.81678918565 45.75361039563
447	4.82028219295 45.75217915475
406	4.78032688999 45.76277431671
575	4.85213457357 45.77881547692
572	4.85215253487 45.77866038703
621	4.82199284890 45.73904461995
75	4.88670717177 45.73061526823
588	4.88862592621 45.73055205149
587	4.88959430722 45.73019073884
589	4.88677131358 45.73091906257
574	4.85499956294 45.77858729571
573	4.85492475551 45.77875603602
570	4.84942022712 45.77888965153
571	4.84949049348 45.77871792312
555	4.85152322136 45.79957794781
556	4.85096903935 45.79748659785
557	4.85314189658 45.79944476157
558	4.84922362095 45.79668414993
